7277,47
-5268,65
-629,72
2400,90
-7046,143
-7915,159
-9022,169
9969,183
-3692,189
3939,234
8516,279
9548,284
-7520,344
-6359,457
1754,499
3320,513
-696,563
-9765,580
635,605
-7148,610
-6161,653
-3047,687
-9444,689
-2187,790
-6177,843
-4750,856
6407,893
-3381,936
4125,955
-7297,982
8717,984
-665,1007
-3293,1065
9764,1067
904,1088
-8796,1098
8862,1132
2254,1241
7184,1257
-764,1408
-1272,1435
-7819,1439
1764,1459
9869,1467
2940,1474
3210,1480
-1699,1481
8516,1486
-2601,1495
8384,1657
-893,1677
-369,1763
-2682,1790
-4595,1795
1787,1819
-3293,1860
-7123,1875
8428,1910
6650,1911
2087,1916
7083,1959
5606,1976
-9323,2041
-1453,2109
-2322,2141
-4743,2221
-5107,2258
4874,2261
-7784,2301
9363,2401
-1765,2421
5598,2423
5935,2447
-3995,2508
7680,2523
2358,2532
-9730,2625
1862,2694
5829,2708
3714,2709
-6544,2747
-7717,2769
7552,2772
-2075,2799
-8741,2866
8506,2923
-7836,2939
-4058,2975
-8817,3045
-6341,3147
1297,3151
6967,3157
3056,3165
-7367,3172
9104,3185
2169,3197
-5124,3200
-3801,3276
-4584,3298
-7987,3319
-1997,3362
-4002,3398
8929,3408
5256,3422
-3959,3494
-1403,3511
9802,3557
6205,3577
-3391,3663
-9852,3675
-8147,3701
-4310,3711
-4129,3744
1428,3755
-1783,3757
310,3762
6868,3797
7197,3813
3668,3826
-2481,3947
5739,3959
-2487,4006
8107,4013
-9678,4015
-2041,4058
-4536,4063
-4521,4074
-6984,4075
-7671,4111
3016,4202
6299,4222
4555,4234
-5982,4385
-1567,4386
-2923,4390
-872,4418
654,4429
3954,4438
-2261,4463
-8112,4638
-6217,4729
-6449,4736
-9386,4757
129,4812
2696,4931
5442,4934
9341,4951
216,5028
-2163,5072
-8248,5073
1405,5100
-9819,5149
-8638,5209
441,5223
7969,5264
8406,5326
-7767,5340
-932,5356
-2320,5382
4907,5400
4947,5427
-2708,5441
6382,5472
-5678,5501
8915,5505
-8900,5557
-117,5588
-5840,5714
-1047,5729
4320,5817
-9907,5867
-6734,5871
-3958,5890
-3117,5908
7628,5911
2128,5971
-5074,5973
-1262,6074
9949,6108
8597,6121
6398,6123
6800,6199
-3240,6200
-7488,6272
-35,6345
2458,6356
980,6379
3379,6421
8517,6440
797,6466
-5527,6539
90,6561
-2310,6592
831,6598
3328,6604
5646,6672
-6132,6712
341,6736
-7860,6780
2528,6895
853,6944
676,7002
9692,7009
-6748,7015
-2245,7022
8819,7038
-586,7103
9724,7166
9134,7273
3430,7277
5538,7306
-2640,7335
-4597,7420
5880,7423
5495,7439
6051,7450
1526,7477
-5893,7520
9430,7546
9571,7560
4897,7575
-9474,7586
-1656,7615
-5800,7621
-2777,7648
8626,7660
-2102,7683
2889,7697
5830,7698
-1421,7743
4679,7788
-9753,7834
-8268,7837
2239,7839
2387,7850
7606,8003
-7089,8105
6294,8143
-915,8147
9157,8159
2302,8208
9935,8213
916,8214
-2013,8217
6389,8244
-5647,8255
-2760,8258
3873,8356
7113,8372
-4021,8444
3299,8449
1605,8450
5108,8485
-339,8486
-3886,8520
3763,8548
8261,8556
-2675,8562
-6975,8601
-3418,8608
-6277,8632
2464,8656
2256,8659
9336,8775
4793,8785
2823,8790
-2863,8838
-4698,8887
-2424,8895
27,8906
384,8922
-876,9059
1358,9077
4512,9088
3898,9127
2497,9135
-3192,9139
4084,9156
5117,9195
7328,9325
-2802,9409
-5314,9425
-3234,9445
-2601,9596
9812,9666
-8781,9702
8313,9733
-6174,9735
-4823,9746
-5525,9759
1278,9822
-1239,9856
-1272,9879
-3825,9887